0.00000000 1.00000000
0.01010101 1.00000000
0.02020202 1.00000000
0.03030303 1.00000000
0.04040404 1.00000000
0.05050505 1.00000000
0.06060606 0.99818841
0.07070707 0.99758454
0.08080808 0.99637681
0.09090909 0.99577295
0.10101010 0.99275362
0.11111111 0.99033816
0.12121212 0.98852657
0.13131313 0.98731884
0.14141414 0.98550725
0.15151515 0.98188406
0.16161616 0.97886473
0.17171717 0.97524155
0.18181818 0.96739130
0.19191919 0.96316425
0.20202020 0.95350242
0.21212121 0.94384058
0.22222222 0.93236715
0.23232323 0.92270531
0.24242424 0.91243961
0.25252525 0.89975845
0.26262626 0.89070048
0.27272727 0.88043478
0.28282828 0.86896135
0.29292929 0.85628019
0.30303030 0.84299517
0.31313131 0.82729469
0.32323232 0.81340580
0.33333333 0.79045894
0.34343434 0.77657005
0.35353535 0.75664251
0.36363636 0.74154589
0.37373737 0.72524155
0.38383838 0.70833333
0.39393939 0.69384058
0.40404040 0.67330918
0.41414141 0.65942029
0.42424242 0.64734300
0.43434343 0.63647343
0.44444444 0.62198068
0.45454545 0.61171498
0.46464646 0.59541063
0.47474747 0.58454106
0.48484848 0.57246377
0.49494949 0.55978261
0.50505051 0.54830918
0.51515152 0.53442029
0.52525253 0.52355072
0.53535354 0.50543478
0.54545455 0.49275362
0.55555556 0.47463768
0.56565657 0.45712560
0.57575758 0.44202899
0.58585859 0.43236715
0.59595960 0.41666667
0.60606061 0.40217391
0.61616162 0.38707729
0.62626263 0.37198068
0.63636364 0.35929952
0.64646465 0.34299517
0.65656566 0.33212560
0.66666667 0.32065217
0.67676768 0.30676329
0.68686869 0.29528986
0.69696970 0.28381643
0.70707071 0.27475845
0.71717172 0.26751208
0.72727273 0.25603865
0.73737374 0.24396135
0.74747475 0.23429952
0.75757576 0.22584541
0.76767677 0.21557971
0.77777778 0.20471014
0.78787879 0.19625604
0.79797980 0.19202899
0.80808081 0.18357488
0.81818182 0.17693237
0.82828283 0.16787440
0.83838384 0.16002415
0.84848485 0.15277778
0.85858586 0.14130435
0.86868687 0.13285024
0.87878788 0.11956522
0.88888889 0.10809179
0.89898990 0.09842995
0.90909091 0.08756039
0.91919192 0.08272947
0.92929293 0.07548309
0.93939394 0.06219807
0.94949495 0.05615942
0.95959596 0.04528986
0.96969697 0.03743961
0.97979798 0.02777778
0.98989899 0.01268116
1.00000000 0.00000000
