0.00000000 1.00000000
0.01010101 1.00000000
0.02020202 1.00000000
0.03030303 1.00000000
0.04040404 1.00000000
0.05050505 1.00000000
0.06060606 1.00000000
0.07070707 1.00000000
0.08080808 1.00000000
0.09090909 1.00000000
0.10101010 1.00000000
0.11111111 1.00000000
0.12121212 1.00000000
0.13131313 1.00000000
0.14141414 1.00000000
0.15151515 1.00000000
0.16161616 1.00000000
0.17171717 1.00000000
0.18181818 1.00000000
0.19191919 1.00000000
0.20202020 1.00000000
0.21212121 1.00000000
0.22222222 1.00000000
0.23232323 1.00000000
0.24242424 1.00000000
0.25252525 1.00000000
0.26262626 1.00000000
0.27272727 1.00000000
0.28282828 0.99705449
0.29292929 0.99558174
0.30303030 0.99410898
0.31313131 0.98821797
0.32323232 0.98821797
0.33333333 0.97790869
0.34343434 0.97496318
0.35353535 0.97054492
0.36363636 0.96465390
0.37373737 0.95434462
0.38383838 0.94698085
0.39393939 0.94256259
0.40404040 0.93225331
0.41414141 0.92783505
0.42424242 0.91752577
0.43434343 0.91458027
0.44444444 0.90868925
0.45454545 0.90427099
0.46464646 0.89985272
0.47474747 0.89248895
0.48484848 0.88070692
0.49494949 0.86745214
0.50505051 0.85272459
0.51515152 0.83505155
0.52525253 0.82474227
0.53535354 0.81001473
0.54545455 0.79381443
0.55555556 0.76583211
0.56565657 0.74963181
0.57575758 0.72312224
0.58585859 0.70397644
0.59595960 0.68335788
0.60606061 0.66126657
0.61616162 0.63917526
0.62626263 0.61855670
0.63636364 0.59351988
0.64646465 0.57437408
0.65656566 0.54933726
0.66666667 0.53460972
0.67676768 0.51546392
0.68686869 0.49337261
0.69696970 0.48011782
0.70707071 0.46539028
0.71717172 0.45360825
0.72727273 0.43593520
0.73737374 0.42709867
0.74747475 0.41089838
0.75757576 0.40353461
0.76767677 0.39175258
0.77777778 0.37702504
0.78787879 0.37113402
0.79797980 0.35787923
0.80808081 0.34756996
0.81818182 0.33873343
0.82828283 0.32842415
0.83838384 0.31664212
0.84848485 0.30338733
0.85858586 0.29307806
0.86868687 0.27245950
0.87878788 0.25625920
0.88888889 0.23416789
0.89898990 0.20913108
0.90909091 0.20029455
0.91919192 0.16642121
0.92929293 0.15022091
0.93939394 0.13107511
0.94949495 0.10898380
0.95959596 0.08836524
0.96969697 0.06038292
0.97979798 0.04123711
0.98989899 0.02503682
1.00000000 0.00000000
