0.00000000 0.81388766
0.01010101 0.81123397
0.02020202 0.82220257
0.03030303 0.82352941
0.04040404 0.81309155
0.05050505 0.81194162
0.06060606 0.81928350
0.07070707 0.81636444
0.08080808 0.81547988
0.09090909 0.82202565
0.10101010 0.81654135
0.11111111 0.81512605
0.12121212 0.81609907
0.13131313 0.81627598
0.14141414 0.81866431
0.15151515 0.81928350
0.16161616 0.82193720
0.17171717 0.81176471
0.18181818 0.81662981
0.19191919 0.81601061
0.20202020 0.81096860
0.21212121 0.81326847
0.22222222 0.81291464
0.23232323 0.81777974
0.24242424 0.81937196
0.25252525 0.81910659
0.26262626 0.82078726
0.27272727 0.81831048
0.28282828 0.81946042
0.29292929 0.81450686
0.30303030 0.81494914
0.31313131 0.81618753
0.32323232 0.82122954
0.33333333 0.81999115
0.34343434 0.81839894
0.35353535 0.81866431
0.36363636 0.82344096
0.37373737 0.81733746
0.38383838 0.81256081
0.39393939 0.81707209
0.40404040 0.81539142
0.41414141 0.81662981
0.42424242 0.81777974
0.43434343 0.81990270
0.44444444 0.81990270
0.45454545 0.81486068
0.46464646 0.81300310
0.47474747 0.81724900
0.48484848 0.82264485
0.49494949 0.81547988
0.50505051 0.81839894
0.51515152 0.82061035
0.52525253 0.81636444
0.53535354 0.81282618
0.54545455 0.81388766
0.55555556 0.81910659
0.56565657 0.81424149
0.57575758 0.81441840
0.58585859 0.82007961
0.59595960 0.81716055
0.60606061 0.81105705
0.61616162 0.81273773
0.62626263 0.81194162
0.63636364 0.81760283
0.64646465 0.81875276
0.65656566 0.81592216
0.66666667 0.82158337
0.67676768 0.81786820
0.68686869 0.81592216
0.69696970 0.81494914
0.70707071 0.81751437
0.71717172 0.82025652
0.72727273 0.81211853
0.73737374 0.81733746
0.74747475 0.81990270
0.75757576 0.82273330
0.76767677 0.81946042
0.77777778 0.81928350
0.78787879 0.81707209
0.79797980 0.82131800
0.80808081 0.81954887
0.81818182 0.82220257
0.82828283 0.81441840
0.83838384 0.81344538
0.84848485 0.81777974
0.85858586 0.81432994
0.86868687 0.81751437
0.87878788 0.81866431
0.88888889 0.81937196
0.89898990 0.81928350
0.90909091 0.81662981
0.91919192 0.81999115
0.92929293 0.81503759
0.93939394 0.80858027
0.94949495 0.80884564
0.95959596 0.78575851
0.96969697 0.72428129
0.97979798 0.55152587
0.98989899 0.25059708
1.00000000 0.00000000
