0.00000000 1.00000000
0.01010101 1.00000000
0.02020202 1.00000000
0.03030303 1.00000000
0.04040404 1.00000000
0.05050505 1.00000000
0.06060606 1.00000000
0.07070707 1.00000000
0.08080808 1.00000000
0.09090909 0.99807692
0.10101010 0.99551282
0.11111111 0.99102564
0.12121212 0.98782051
0.13131313 0.98141026
0.14141414 0.97628205
0.15151515 0.96794872
0.16161616 0.96346154
0.17171717 0.95256410
0.18181818 0.94679487
0.19191919 0.94230769
0.20202020 0.92948718
0.21212121 0.91217949
0.22222222 0.89743590
0.23232323 0.88269231
0.24242424 0.86923077
0.25252525 0.85641026
0.26262626 0.83461538
0.27272727 0.81602564
0.28282828 0.79679487
0.29292929 0.78461538
0.30303030 0.76923077
0.31313131 0.75448718
0.32323232 0.73333333
0.33333333 0.71153846
0.34343434 0.69358974
0.35353535 0.67692308
0.36363636 0.65961538
0.37373737 0.63910256
0.38383838 0.62243590
0.39393939 0.61025641
0.40404040 0.59743590
0.41414141 0.58333333
0.42424242 0.56858974
0.43434343 0.55769231
0.44444444 0.53717949
0.45454545 0.52115385
0.46464646 0.50384615
0.47474747 0.48846154
0.48484848 0.47371795
0.49494949 0.46346154
0.50505051 0.45384615
0.51515152 0.44230769
0.52525253 0.42948718
0.53535354 0.41602564
0.54545455 0.40064103
0.55555556 0.38717949
0.56565657 0.37435897
0.57575758 0.36602564
0.58585859 0.34871795
0.59595960 0.33653846
0.60606061 0.32435897
0.61616162 0.31153846
0.62626263 0.30064103
0.63636364 0.29166667
0.64646465 0.28461538
0.65656566 0.28205128
0.66666667 0.27371795
0.67676768 0.26474359
0.68686869 0.25833333
0.69696970 0.24807692
0.70707071 0.23974359
0.71717172 0.22628205
0.72727273 0.21410256
0.73737374 0.20384615
0.74747475 0.19294872
0.75757576 0.18333333
0.76767677 0.17692308
0.77777778 0.16666667
0.78787879 0.16089744
0.79797980 0.15320513
0.80808081 0.14487179
0.81818182 0.13910256
0.82828283 0.12692308
0.83838384 0.12115385
0.84848485 0.11217949
0.85858586 0.09935897
0.86868687 0.09038462
0.87878788 0.07948718
0.88888889 0.07307692
0.89898990 0.06858974
0.90909091 0.06217949
0.91919192 0.05833333
0.92929293 0.05384615
0.93939394 0.04423077
0.94949495 0.03589744
0.95959596 0.02884615
0.96969697 0.02435897
0.97979798 0.01923077
0.98989899 0.00641026
1.00000000 0.00000000
