0.00000000 1.00000000
0.01010101 1.00000000
0.02020202 1.00000000
0.03030303 1.00000000
0.04040404 1.00000000
0.05050505 1.00000000
0.06060606 1.00000000
0.07070707 1.00000000
0.08080808 1.00000000
0.09090909 1.00000000
0.10101010 1.00000000
0.11111111 1.00000000
0.12121212 1.00000000
0.13131313 1.00000000
0.14141414 1.00000000
0.15151515 1.00000000
0.16161616 1.00000000
0.17171717 1.00000000
0.18181818 1.00000000
0.19191919 1.00000000
0.20202020 1.00000000
0.21212121 1.00000000
0.22222222 1.00000000
0.23232323 1.00000000
0.24242424 1.00000000
0.25252525 1.00000000
0.26262626 1.00000000
0.27272727 1.00000000
0.28282828 1.00000000
0.29292929 1.00000000
0.30303030 1.00000000
0.31313131 1.00000000
0.32323232 1.00000000
0.33333333 1.00000000
0.34343434 1.00000000
0.35353535 1.00000000
0.36363636 1.00000000
0.37373737 1.00000000
0.38383838 1.00000000
0.39393939 1.00000000
0.40404040 1.00000000
0.41414141 1.00000000
0.42424242 1.00000000
0.43434343 1.00000000
0.44444444 0.99978214
0.45454545 0.99847495
0.46464646 0.99847495
0.47474747 0.99847495
0.48484848 0.99825708
0.49494949 0.99716776
0.50505051 0.99673203
0.51515152 0.99629630
0.52525253 0.99520697
0.53535354 0.99128540
0.54545455 0.98898847
0.55555556 0.98621235
0.56565657 0.98526847
0.57575758 0.98266073
0.58585859 0.98119180
0.59595960 0.97889056
0.60606061 0.97633231
0.61616162 0.96976815
0.62626263 0.96290442
0.63636364 0.95280547
0.64646465 0.93996214
0.65656566 0.93013680
0.66666667 0.92105223
0.67676768 0.90818328
0.68686869 0.89579705
0.69696970 0.88074878
0.70707071 0.86427277
0.71717172 0.84553123
0.72727273 0.82846996
0.73737374 0.81045423
0.74747475 0.79296007
0.75757576 0.77124583
0.76767677 0.74783602
0.77777778 0.72611308
0.78787879 0.70559532
0.79797980 0.68061281
0.80808081 0.64981495
0.81818182 0.62258546
0.82828283 0.58142983
0.83838384 0.54554211
0.84848485 0.50974895
0.85858586 0.47840320
0.86868687 0.44494225
0.87878788 0.41190292
0.88888889 0.38064465
0.89898990 0.35408053
0.90909091 0.32578251
0.91919192 0.29477484
0.92929293 0.26068930
0.93939394 0.23373835
0.94949495 0.21070126
0.95959596 0.18494094
0.96969697 0.15580930
0.97979798 0.11682005
0.98989899 0.06343474
1.00000000 0.00000000
