0.00000000 0.23515439
0.01010101 0.23515439
0.02020202 0.23515439
0.03030303 0.23515439
0.04040404 0.23515439
0.05050505 0.23515439
0.06060606 0.23515439
0.07070707 0.23515439
0.08080808 0.23515439
0.09090909 0.23515439
0.10101010 0.23515439
0.11111111 0.23515439
0.12121212 0.23515439
0.13131313 0.23515439
0.14141414 0.23515439
0.15151515 0.23515439
0.16161616 0.23515439
0.17171717 0.23515439
0.18181818 0.23515439
0.19191919 0.23515439
0.20202020 0.23515439
0.21212121 0.23515439
0.22222222 0.23515439
0.23232323 0.23515439
0.24242424 0.23515439
0.25252525 0.23515439
0.26262626 0.23515439
0.27272727 0.23515439
0.28282828 0.23515439
0.29292929 0.23515439
0.30303030 0.23515439
0.31313131 0.23515439
0.32323232 0.23515439
0.33333333 0.23515439
0.34343434 0.23515439
0.35353535 0.23515439
0.36363636 0.23515439
0.37373737 0.23515439
0.38383838 0.23515439
0.39393939 0.23515439
0.40404040 0.23515439
0.41414141 0.23515439
0.42424242 0.23515439
0.43434343 0.23515439
0.44444444 0.23515439
0.45454545 0.23515439
0.46464646 0.23515439
0.47474747 0.23515439
0.48484848 0.23515439
0.49494949 0.23515439
0.50505051 0.23515439
0.51515152 0.23515439
0.52525253 0.23515439
0.53535354 0.23515439
0.54545455 0.23515439
0.55555556 0.23515439
0.56565657 0.23515439
0.57575758 0.23515439
0.58585859 0.23515439
0.59595960 0.23515439
0.60606061 0.23515439
0.61616162 0.23515439
0.62626263 0.23515439
0.63636364 0.23515439
0.64646465 0.23515439
0.65656566 0.23515439
0.66666667 0.23515439
0.67676768 0.23515439
0.68686869 0.23515439
0.69696970 0.23515439
0.70707071 0.23515439
0.71717172 0.23515439
0.72727273 0.23515439
0.73737374 0.23515439
0.74747475 0.23515439
0.75757576 0.23515439
0.76767677 0.23515439
0.77777778 0.23515439
0.78787879 0.23515439
0.79797980 0.23515439
0.80808081 0.23515439
0.81818182 0.23515439
0.82828283 0.23515439
0.83838384 0.23277910
0.84848485 0.23277910
0.85858586 0.23277910
0.86868687 0.22802850
0.87878788 0.22327791
0.88888889 0.22327791
0.89898990 0.21852732
0.90909091 0.21140143
0.91919192 0.20190024
0.92929293 0.17577197
0.93939394 0.15439430
0.94949495 0.14251781
0.95959596 0.11638955
0.96969697 0.09976247
0.97979798 0.07600950
0.98989899 0.05225653
1.00000000 0.00000000
