0.00000000 1.00000000
0.01010101 1.00000000
0.02020202 1.00000000
0.03030303 1.00000000
0.04040404 1.00000000
0.05050505 1.00000000
0.06060606 1.00000000
0.07070707 1.00000000
0.08080808 1.00000000
0.09090909 1.00000000
0.10101010 1.00000000
0.11111111 1.00000000
0.12121212 1.00000000
0.13131313 1.00000000
0.14141414 1.00000000
0.15151515 1.00000000
0.16161616 1.00000000
0.17171717 1.00000000
0.18181818 1.00000000
0.19191919 1.00000000
0.20202020 1.00000000
0.21212121 1.00000000
0.22222222 1.00000000
0.23232323 1.00000000
0.24242424 1.00000000
0.25252525 1.00000000
0.26262626 1.00000000
0.27272727 1.00000000
0.28282828 1.00000000
0.29292929 1.00000000
0.30303030 1.00000000
0.31313131 1.00000000
0.32323232 1.00000000
0.33333333 1.00000000
0.34343434 1.00000000
0.35353535 1.00000000
0.36363636 1.00000000
0.37373737 1.00000000
0.38383838 1.00000000
0.39393939 1.00000000
0.40404040 1.00000000
0.41414141 1.00000000
0.42424242 1.00000000
0.43434343 1.00000000
0.44444444 1.00000000
0.45454545 1.00000000
0.46464646 1.00000000
0.47474747 1.00000000
0.48484848 1.00000000
0.49494949 1.00000000
0.50505051 1.00000000
0.51515152 1.00000000
0.52525253 1.00000000
0.53535354 1.00000000
0.54545455 1.00000000
0.55555556 1.00000000
0.56565657 1.00000000
0.57575758 1.00000000
0.58585859 1.00000000
0.59595960 1.00000000
0.60606061 1.00000000
0.61616162 1.00000000
0.62626263 1.00000000
0.63636364 1.00000000
0.64646465 1.00000000
0.65656566 1.00000000
0.66666667 1.00000000
0.67676768 1.00000000
0.68686869 1.00000000
0.69696970 1.00000000
0.70707071 1.00000000
0.71717172 1.00000000
0.72727273 1.00000000
0.73737374 0.99515738
0.74747475 0.98789346
0.75757576 0.98305085
0.76767677 0.98062954
0.77777778 0.97820823
0.78787879 0.95883777
0.79797980 0.94673123
0.80808081 0.94430993
0.81818182 0.93704600
0.82828283 0.90556901
0.83838384 0.88861985
0.84848485 0.87651332
0.85858586 0.84987893
0.86868687 0.82082324
0.87878788 0.80629540
0.88888889 0.79418886
0.89898990 0.76755448
0.90909091 0.72397094
0.91919192 0.66828087
0.92929293 0.60290557
0.93939394 0.53995157
0.94949495 0.48910412
0.95959596 0.45036320
0.96969697 0.39709443
0.97979798 0.32203390
0.98989899 0.18886199
1.00000000 0.00000000
