0.00000000 1.00000000
0.01010101 1.00000000
0.02020202 1.00000000
0.03030303 1.00000000
0.04040404 1.00000000
0.05050505 1.00000000
0.06060606 1.00000000
0.07070707 1.00000000
0.08080808 1.00000000
0.09090909 1.00000000
0.10101010 1.00000000
0.11111111 1.00000000
0.12121212 1.00000000
0.13131313 1.00000000
0.14141414 1.00000000
0.15151515 1.00000000
0.16161616 1.00000000
0.17171717 0.99621212
0.18181818 0.99242424
0.19191919 0.99242424
0.20202020 0.98863636
0.21212121 0.98863636
0.22222222 0.98863636
0.23232323 0.98863636
0.24242424 0.98863636
0.25252525 0.98484848
0.26262626 0.98484848
0.27272727 0.98106061
0.28282828 0.97348485
0.29292929 0.97348485
0.30303030 0.96969697
0.31313131 0.96212121
0.32323232 0.96212121
0.33333333 0.95833333
0.34343434 0.95075758
0.35353535 0.94318182
0.36363636 0.93181818
0.37373737 0.92424242
0.38383838 0.92045455
0.39393939 0.90909091
0.40404040 0.90530303
0.41414141 0.90151515
0.42424242 0.89393939
0.43434343 0.87878788
0.44444444 0.87500000
0.45454545 0.86363636
0.46464646 0.85984848
0.47474747 0.85227273
0.48484848 0.84469697
0.49494949 0.84090909
0.50505051 0.84090909
0.51515152 0.83712121
0.52525253 0.82196970
0.53535354 0.81060606
0.54545455 0.80303030
0.55555556 0.78409091
0.56565657 0.77651515
0.57575758 0.77272727
0.58585859 0.76136364
0.59595960 0.75757576
0.60606061 0.74242424
0.61616162 0.72348485
0.62626263 0.71212121
0.63636364 0.70454545
0.64646465 0.68560606
0.65656566 0.66287879
0.66666667 0.65530303
0.67676768 0.64015152
0.68686869 0.63636364
0.69696970 0.62121212
0.70707071 0.61742424
0.71717172 0.60227273
0.72727273 0.57954545
0.73737374 0.56439394
0.74747475 0.54545455
0.75757576 0.53787879
0.76767677 0.52272727
0.77777778 0.51136364
0.78787879 0.48106061
0.79797980 0.46590909
0.80808081 0.44696970
0.81818182 0.42803030
0.82828283 0.40530303
0.83838384 0.37878788
0.84848485 0.35984848
0.85858586 0.34848485
0.86868687 0.31818182
0.87878788 0.31060606
0.88888889 0.29166667
0.89898990 0.27651515
0.90909091 0.26893939
0.91919192 0.22727273
0.92929293 0.21212121
0.93939394 0.20454545
0.94949495 0.17803030
0.95959596 0.15530303
0.96969697 0.12121212
0.97979798 0.07954545
0.98989899 0.03787879
1.00000000 0.00000000
