0.00000000 0.77070182
0.01010101 0.76318232
0.02020202 0.76188266
0.03030303 0.76680282
0.04040404 0.77283698
0.05050505 0.76977349
0.06060606 0.77450798
0.07070707 0.76949499
0.08080808 0.76773115
0.09090909 0.77757148
0.10101010 0.77042332
0.11111111 0.76438916
0.12121212 0.77135165
0.13131313 0.77283698
0.14141414 0.77302265
0.15151515 0.76346082
0.16161616 0.76754549
0.17171717 0.76392499
0.18181818 0.77051615
0.19191919 0.76995915
0.20202020 0.76615299
0.21212121 0.77005199
0.22222222 0.76606016
0.23232323 0.76912365
0.24242424 0.77088749
0.25252525 0.76726699
0.26262626 0.76578166
0.27272727 0.77274415
0.28282828 0.76828815
0.29292929 0.76958782
0.30303030 0.77200149
0.31313131 0.76485332
0.32323232 0.76828815
0.33333333 0.77116599
0.34343434 0.76253249
0.35353535 0.77190865
0.36363636 0.76995915
0.37373737 0.76596732
0.38383838 0.76856665
0.39393939 0.76791682
0.40404040 0.77487932
0.41414141 0.76893799
0.42424242 0.77460082
0.43434343 0.77181582
0.44444444 0.77042332
0.45454545 0.77079465
0.46464646 0.77051615
0.47474747 0.76968065
0.48484848 0.76856665
0.49494949 0.77135165
0.50505051 0.76893799
0.51515152 0.76513182
0.52525253 0.76568882
0.53535354 0.76940215
0.54545455 0.76271816
0.55555556 0.76271816
0.56565657 0.76615299
0.57575758 0.75779799
0.58585859 0.76763832
0.59595960 0.77125882
0.60606061 0.77747865
0.61616162 0.77190865
0.62626263 0.76670999
0.63636364 0.77868548
0.64646465 0.77627182
0.65656566 0.76633866
0.66666667 0.76949499
0.67676768 0.76670999
0.68686869 0.76828815
0.69696970 0.77859265
0.70707071 0.76828815
0.71717172 0.77478648
0.72727273 0.76652432
0.73737374 0.77812848
0.74747475 0.77701448
0.75757576 0.76643149
0.76767677 0.76689566
0.77777778 0.76828815
0.78787879 0.76698849
0.79797980 0.76977349
0.80808081 0.76884515
0.81818182 0.76958782
0.82828283 0.76791682
0.83838384 0.76411066
0.84848485 0.77246565
0.85858586 0.76643149
0.86868687 0.77135165
0.87878788 0.77135165
0.88888889 0.77107315
0.89898990 0.76708132
0.90909091 0.76392499
0.91919192 0.77385815
0.92929293 0.77060899
0.93939394 0.76234683
0.94949495 0.75854066
0.95959596 0.74823617
0.96969697 0.68910137
0.97979798 0.55616413
0.98989899 0.22159302
1.00000000 0.00000000
