0.00000000 0.65051258
0.01010101 0.65051258
0.02020202 0.65051258
0.03030303 0.65051258
0.04040404 0.65051258
0.05050505 0.65051258
0.06060606 0.65051258
0.07070707 0.65051258
0.08080808 0.65051258
0.09090909 0.64678472
0.10101010 0.64119292
0.11111111 0.63466915
0.12121212 0.62255359
0.13131313 0.61509786
0.14141414 0.60484623
0.15151515 0.59459459
0.16161616 0.58713886
0.17171717 0.57688723
0.18181818 0.56943150
0.19191919 0.55731594
0.20202020 0.54054054
0.21212121 0.53494874
0.22222222 0.52749301
0.23232323 0.52003728
0.24242424 0.50605778
0.25252525 0.49953402
0.26262626 0.49021435
0.27272727 0.47530289
0.28282828 0.46411929
0.29292929 0.46039143
0.30303030 0.45013979
0.31313131 0.44268406
0.32323232 0.42963653
0.33333333 0.41845294
0.34343434 0.41472507
0.35353535 0.40820130
0.36363636 0.40074557
0.37373737 0.39328984
0.38383838 0.38583411
0.39393939 0.38117428
0.40404040 0.37558248
0.41414141 0.36346692
0.42424242 0.35694315
0.43434343 0.34669152
0.44444444 0.33643989
0.45454545 0.32712022
0.46464646 0.31966449
0.47474747 0.31127679
0.48484848 0.30568500
0.49494949 0.29916123
0.50505051 0.29356943
0.51515152 0.28704567
0.52525253 0.28145387
0.53535354 0.27306617
0.54545455 0.26933830
0.55555556 0.26095061
0.56565657 0.25629077
0.57575758 0.25069897
0.58585859 0.24324324
0.59595960 0.23392358
0.60606061 0.22367195
0.61616162 0.21435228
0.62626263 0.20316869
0.63636364 0.19478099
0.64646465 0.19105312
0.65656566 0.18639329
0.66666667 0.18173346
0.67676768 0.17054986
0.68686869 0.16402610
0.69696970 0.15843430
0.70707071 0.14911463
0.71717172 0.14538677
0.72727273 0.13793103
0.73737374 0.12767940
0.74747475 0.12022367
0.75757576 0.11183597
0.76767677 0.10531221
0.77777778 0.10251631
0.78787879 0.09599254
0.79797980 0.09319664
0.80808081 0.08946878
0.81818182 0.08108108
0.82828283 0.07735322
0.83838384 0.07082945
0.84848485 0.06710158
0.85858586 0.06150979
0.86868687 0.05219012
0.87878788 0.04753029
0.88888889 0.04380242
0.89898990 0.04100652
0.90909091 0.03914259
0.91919192 0.03448276
0.92929293 0.02982293
0.93939394 0.02609506
0.94949495 0.02516309
0.95959596 0.02143523
0.96969697 0.01677540
0.97979798 0.01025163
0.98989899 0.00279590
1.00000000 0.00000000
