0.00000000 0.75721880
0.01010101 0.75522532
0.02020202 0.75812492
0.03030303 0.75262776
0.04040404 0.75661472
0.05050505 0.75607104
0.06060606 0.75413797
0.07070707 0.75456083
0.08080808 0.75486287
0.09090909 0.75788329
0.10101010 0.75456083
0.11111111 0.75504410
0.12121212 0.75444001
0.13131313 0.75486287
0.14141414 0.75733962
0.15151515 0.75679594
0.16161616 0.75534614
0.17171717 0.75812492
0.18181818 0.75637308
0.19191919 0.75431920
0.20202020 0.75486287
0.21212121 0.75685635
0.22222222 0.75637308
0.23232323 0.75419838
0.24242424 0.75389634
0.25252525 0.75939350
0.26262626 0.75667512
0.27272727 0.75528573
0.28282828 0.75280899
0.29292929 0.75504410
0.30303030 0.75576900
0.31313131 0.75673553
0.32323232 0.75462124
0.33333333 0.75292981
0.34343434 0.75552736
0.35353535 0.76023922
0.36363636 0.75359430
0.37373737 0.75764166
0.38383838 0.75450042
0.39393939 0.75292981
0.40404040 0.75498369
0.41414141 0.75570859
0.42424242 0.75939350
0.43434343 0.75685635
0.44444444 0.75800411
0.45454545 0.75679594
0.46464646 0.75510451
0.47474747 0.75425879
0.48484848 0.75504410
0.49494949 0.75480246
0.50505051 0.75286940
0.51515152 0.75431920
0.52525253 0.75854778
0.53535354 0.75486287
0.54545455 0.75800411
0.55555556 0.75740002
0.56565657 0.75588982
0.57575758 0.75510451
0.58585859 0.75534614
0.59595960 0.75395675
0.60606061 0.75486287
0.61616162 0.75631267
0.62626263 0.75564818
0.63636364 0.75740002
0.64646465 0.75631267
0.65656566 0.75673553
0.66666667 0.75933309
0.67676768 0.75528573
0.68686869 0.75522532
0.69696970 0.75703757
0.70707071 0.75347348
0.71717172 0.75661472
0.72727273 0.75806452
0.73737374 0.75365471
0.74747475 0.75715839
0.75757576 0.75365471
0.76767677 0.75969554
0.77777778 0.75099674
0.78787879 0.75353389
0.79797980 0.75613145
0.80808081 0.75395675
0.81818182 0.75782288
0.82828283 0.75643349
0.83838384 0.75413797
0.84848485 0.75045306
0.85858586 0.75613145
0.86868687 0.75746043
0.87878788 0.75619186
0.88888889 0.75486287
0.89898990 0.75842697
0.90909091 0.75619186
0.91919192 0.75395675
0.92929293 0.75407756
0.93939394 0.75154041
0.94949495 0.74411018
0.95959596 0.71402682
0.96969697 0.65307479
0.97979798 0.49389876
0.98989899 0.23680077
1.00000000 0.00000000
