0.00000000 1.00000000
0.01010101 1.00000000
0.02020202 1.00000000
0.03030303 1.00000000
0.04040404 1.00000000
0.05050505 1.00000000
0.06060606 1.00000000
0.07070707 1.00000000
0.08080808 1.00000000
0.09090909 1.00000000
0.10101010 1.00000000
0.11111111 1.00000000
0.12121212 1.00000000
0.13131313 1.00000000
0.14141414 1.00000000
0.15151515 1.00000000
0.16161616 1.00000000
0.17171717 1.00000000
0.18181818 1.00000000
0.19191919 1.00000000
0.20202020 1.00000000
0.21212121 1.00000000
0.22222222 1.00000000
0.23232323 1.00000000
0.24242424 1.00000000
0.25252525 1.00000000
0.26262626 1.00000000
0.27272727 1.00000000
0.28282828 0.99637681
0.29292929 0.99637681
0.30303030 0.99275362
0.31313131 0.98550725
0.32323232 0.98550725
0.33333333 0.97463768
0.34343434 0.97101449
0.35353535 0.96739130
0.36363636 0.96014493
0.37373737 0.95289855
0.38383838 0.94565217
0.39393939 0.93840580
0.40404040 0.92391304
0.41414141 0.92028986
0.42424242 0.92028986
0.43434343 0.91304348
0.44444444 0.90579710
0.45454545 0.90217391
0.46464646 0.89130435
0.47474747 0.88043478
0.48484848 0.86956522
0.49494949 0.85144928
0.50505051 0.84057971
0.51515152 0.82608696
0.52525253 0.80434783
0.53535354 0.79347826
0.54545455 0.77536232
0.55555556 0.75362319
0.56565657 0.73913043
0.57575758 0.72826087
0.58585859 0.71739130
0.59595960 0.69202899
0.60606061 0.66304348
0.61616162 0.64130435
0.62626263 0.62318841
0.63636364 0.59782609
0.64646465 0.57971014
0.65656566 0.56159420
0.66666667 0.53623188
0.67676768 0.51811594
0.68686869 0.50362319
0.69696970 0.49637681
0.70707071 0.48550725
0.71717172 0.47826087
0.72727273 0.44202899
0.73737374 0.43115942
0.74747475 0.41666667
0.75757576 0.40217391
0.76767677 0.37318841
0.77777778 0.36231884
0.78787879 0.34782609
0.79797980 0.33333333
0.80808081 0.31884058
0.81818182 0.29710145
0.82828283 0.27898551
0.83838384 0.26086957
0.84848485 0.24275362
0.85858586 0.23550725
0.86868687 0.20652174
0.87878788 0.19927536
0.88888889 0.18478261
0.89898990 0.16666667
0.90909091 0.14492754
0.91919192 0.12318841
0.92929293 0.11594203
0.93939394 0.09420290
0.94949495 0.06884058
0.95959596 0.06159420
0.96969697 0.04710145
0.97979798 0.02536232
0.98989899 0.01449275
1.00000000 0.00000000
