0.80000000 0.51409676
0.81000000 0.49634528
0.82000000 0.47093630
0.83000000 0.44970414
0.84000000 0.42963221
0.85000000 0.40375914
0.86000000 0.38229493
0.87000000 0.35584174
0.88000000 0.33228913
0.89000000 0.30757628
0.90000000 0.28100708
0.91000000 0.25258151
0.92000000 0.22392389
0.93000000 0.19793480
0.94000000 0.16904513
0.95000000 0.14235990
0.96000000 0.11648683
0.97000000 0.08597285
0.98000000 0.05592296
0.99000000 0.02738137
0.99500000 0.01345864
0.80000000 0.51409676
0.81000000 0.49634528
0.82000000 0.47093630
0.83000000 0.44970414
0.84000000 0.42963221
0.85000000 0.40375914
0.86000000 0.38229493
0.87000000 0.35584174
0.88000000 0.33228913
0.89000000 0.30757628
0.90000000 0.28100708
0.91000000 0.25258151
0.92000000 0.22392389
0.93000000 0.19793480
0.94000000 0.16904513
0.95000000 0.14235990
0.96000000 0.11648683
0.97000000 0.08597285
0.98000000 0.05592296
0.99000000 0.02738137
0.99500000 0.01345864
