0.00000000 0.71663727
0.01010101 0.70448756
0.02020202 0.70830884
0.03030303 0.70546737
0.04040404 0.70938664
0.05050505 0.70634921
0.06060606 0.70723104
0.07070707 0.70527141
0.08080808 0.71203214
0.09090909 0.71673525
0.10101010 0.70409563
0.11111111 0.70399765
0.12121212 0.71252205
0.13131313 0.71085636
0.14141414 0.70997452
0.15151515 0.70399765
0.16161616 0.70615324
0.17171717 0.70478150
0.18181818 0.70360572
0.19191919 0.70458554
0.20202020 0.71634333
0.21212121 0.70840682
0.22222222 0.70154811
0.23232323 0.71134627
0.24242424 0.69753086
0.25252525 0.71036645
0.26262626 0.70585930
0.27272727 0.70419361
0.28282828 0.71271801
0.29292929 0.71526553
0.30303030 0.70674113
0.31313131 0.71017049
0.32323232 0.71938076
0.33333333 0.70566334
0.34343434 0.70909269
0.35353535 0.70723104
0.36363636 0.71222810
0.37373737 0.71457966
0.38383838 0.70958260
0.39393939 0.70370370
0.40404040 0.70370370
0.41414141 0.70919067
0.42424242 0.71575544
0.43434343 0.70958260
0.44444444 0.70958260
0.45454545 0.70752499
0.46464646 0.71095434
0.47474747 0.70654517
0.48484848 0.70625122
0.49494949 0.70576132
0.50505051 0.70811287
0.51515152 0.70713306
0.52525253 0.70105820
0.53535354 0.71546149
0.54545455 0.71291397
0.55555556 0.71017049
0.56565657 0.70634921
0.57575758 0.70791691
0.58585859 0.71213012
0.59595960 0.71565746
0.60606061 0.71438370
0.61616162 0.70870076
0.62626263 0.70860278
0.63636364 0.70389967
0.64646465 0.70556535
0.65656566 0.70507545
0.66666667 0.71781305
0.67676768 0.70194004
0.68686869 0.70585930
0.69696970 0.71046443
0.70707071 0.71232608
0.71717172 0.70958260
0.72727273 0.71213012
0.73737374 0.70713306
0.74747475 0.71026847
0.75757576 0.70723104
0.76767677 0.71105232
0.77777778 0.70595728
0.78787879 0.70703508
0.79797980 0.70448756
0.80808081 0.70801489
0.81818182 0.71134627
0.82828283 0.70380169
0.83838384 0.70811287
0.84848485 0.70487948
0.85858586 0.70625122
0.86868687 0.70752499
0.87878788 0.70595728
0.88888889 0.70987654
0.89898990 0.70821086
0.90909091 0.70830884
0.91919192 0.70399765
0.92929293 0.69429747
0.93939394 0.70507545
0.94949495 0.68714482
0.95959596 0.65216539
0.96969697 0.55026455
0.97979798 0.32206545
0.98989899 0.11699001
1.00000000 0.00000000
