0.00000000 1.00000000
0.01010101 1.00000000
0.02020202 1.00000000
0.03030303 1.00000000
0.04040404 1.00000000
0.05050505 1.00000000
0.06060606 1.00000000
0.07070707 1.00000000
0.08080808 1.00000000
0.09090909 1.00000000
0.10101010 1.00000000
0.11111111 1.00000000
0.12121212 1.00000000
0.13131313 1.00000000
0.14141414 1.00000000
0.15151515 1.00000000
0.16161616 1.00000000
0.17171717 1.00000000
0.18181818 1.00000000
0.19191919 1.00000000
0.20202020 1.00000000
0.21212121 1.00000000
0.22222222 1.00000000
0.23232323 1.00000000
0.24242424 1.00000000
0.25252525 1.00000000
0.26262626 1.00000000
0.27272727 1.00000000
0.28282828 1.00000000
0.29292929 1.00000000
0.30303030 1.00000000
0.31313131 1.00000000
0.32323232 1.00000000
0.33333333 1.00000000
0.34343434 1.00000000
0.35353535 1.00000000
0.36363636 1.00000000
0.37373737 1.00000000
0.38383838 1.00000000
0.39393939 1.00000000
0.40404040 1.00000000
0.41414141 1.00000000
0.42424242 1.00000000
0.43434343 1.00000000
0.44444444 0.99673203
0.45454545 0.97712418
0.46464646 0.97712418
0.47474747 0.97712418
0.48484848 0.97385621
0.49494949 0.95751634
0.50505051 0.95098039
0.51515152 0.94444444
0.52525253 0.92810458
0.53535354 0.86928105
0.54545455 0.84313725
0.55555556 0.80718954
0.56565657 0.80718954
0.57575758 0.79084967
0.58585859 0.77450980
0.59595960 0.75490196
0.60606061 0.72875817
0.61616162 0.69281046
0.62626263 0.65032680
0.63636364 0.63071895
0.64646465 0.59803922
0.65656566 0.57843137
0.66666667 0.54901961
0.67676768 0.52614379
0.68686869 0.50326797
0.69696970 0.45424837
0.70707071 0.38888889
0.71717172 0.33986928
0.72727273 0.32352941
0.73737374 0.31045752
0.74747475 0.29738562
0.75757576 0.27450980
0.76767677 0.25163399
0.77777778 0.24183007
0.78787879 0.23202614
0.79797980 0.22875817
0.80808081 0.21568627
0.81818182 0.18627451
0.82828283 0.14705882
0.83838384 0.11764706
0.84848485 0.10457516
0.85858586 0.07843137
0.86868687 0.05228758
0.87878788 0.04575163
0.88888889 0.03267974
0.89898990 0.02287582
0.90909091 0.01307190
0.91919192 0.01307190
0.92929293 0.00653595
0.93939394 0.00326797
0.94949495 0.00326797
0.95959596 0.00326797
0.96969697 0.00000000
0.97979798 0.00000000
0.98989899 0.00000000
1.00000000 0.00000000
