0.00000000 1.00000000
0.01010101 1.00000000
0.02020202 1.00000000
0.03030303 1.00000000
0.04040404 1.00000000
0.05050505 1.00000000
0.06060606 1.00000000
0.07070707 1.00000000
0.08080808 1.00000000
0.09090909 1.00000000
0.10101010 1.00000000
0.11111111 1.00000000
0.12121212 1.00000000
0.13131313 1.00000000
0.14141414 1.00000000
0.15151515 1.00000000
0.16161616 1.00000000
0.17171717 1.00000000
0.18181818 1.00000000
0.19191919 1.00000000
0.20202020 1.00000000
0.21212121 1.00000000
0.22222222 0.99978161
0.23232323 0.99978161
0.24242424 0.99978161
0.25252525 0.99978161
0.26262626 0.99978161
0.27272727 0.99934484
0.28282828 0.99912645
0.29292929 0.99912645
0.30303030 0.99847128
0.31313131 0.99825289
0.32323232 0.99759773
0.33333333 0.99694256
0.34343434 0.99606901
0.35353535 0.99497707
0.36363636 0.99388513
0.37373737 0.99213802
0.38383838 0.98951736
0.39393939 0.98820703
0.40404040 0.98733348
0.41414141 0.98689670
0.42424242 0.98493121
0.43434343 0.98362088
0.44444444 0.98121861
0.45454545 0.97947150
0.46464646 0.97706923
0.47474747 0.97270146
0.48484848 0.96877047
0.49494949 0.96593143
0.50505051 0.96287399
0.51515152 0.95850622
0.52525253 0.95413846
0.53535354 0.95064425
0.54545455 0.94540293
0.55555556 0.94059838
0.56565657 0.93601223
0.57575758 0.93011575
0.58585859 0.92290893
0.59595960 0.91875955
0.60606061 0.91067919
0.61616162 0.90172527
0.62626263 0.89342651
0.63636364 0.88512776
0.64646465 0.87551867
0.65656566 0.86656475
0.66666667 0.85739244
0.67676768 0.85018563
0.68686869 0.83926622
0.69696970 0.82791002
0.70707071 0.81830094
0.71717172 0.80716314
0.72727273 0.79427823
0.73737374 0.77680716
0.74747475 0.76283031
0.75757576 0.74841668
0.76767677 0.73400306
0.77777778 0.71849749
0.78787879 0.70168159
0.79797980 0.68399214
0.80808081 0.66193492
0.81818182 0.64402708
0.82828283 0.62393536
0.83838384 0.60340686
0.84848485 0.57720026
0.85858586 0.55230400
0.86868687 0.52435029
0.87878788 0.50032758
0.88888889 0.46800611
0.89898990 0.43743175
0.90909091 0.40117930
0.91919192 0.36492684
0.92929293 0.32539856
0.93939394 0.29242193
0.94949495 0.25223848
0.95959596 0.21161826
0.96969697 0.16968770
0.97979798 0.11596418
0.98989899 0.06398777
1.00000000 0.00000000
