0.00000000 0.64518302
0.01010101 0.64518302
0.02020202 0.64518302
0.03030303 0.64465903
0.04040404 0.64271278
0.05050505 0.64173965
0.06060606 0.64031739
0.07070707 0.63911969
0.08080808 0.63822142
0.09090909 0.63649974
0.10101010 0.63425406
0.11111111 0.63208324
0.12121212 0.62908900
0.13131313 0.62639419
0.14141414 0.62145370
0.15151515 0.61688749
0.16161616 0.61127330
0.17171717 0.60550939
0.18181818 0.59877236
0.19191919 0.59173591
0.20202020 0.58402575
0.21212121 0.57624074
0.22222222 0.56703346
0.23232323 0.55879931
0.24242424 0.55034059
0.25252525 0.54270529
0.26262626 0.53394715
0.27272727 0.52706041
0.28282828 0.52024852
0.29292929 0.51201437
0.30303030 0.50445393
0.31313131 0.49607007
0.32323232 0.48798563
0.33333333 0.48177259
0.34343434 0.46987050
0.35353535 0.46148664
0.36363636 0.45250393
0.37373737 0.44254809
0.38383838 0.43431395
0.39393939 0.42503181
0.40404040 0.41687252
0.41414141 0.40714125
0.42424242 0.39973052
0.43434343 0.39254435
0.44444444 0.38356164
0.45454545 0.37547721
0.46464646 0.36851561
0.47474747 0.36103002
0.48484848 0.35376899
0.49494949 0.34605884
0.50505051 0.33909724
0.51515152 0.33086309
0.52525253 0.32307807
0.53535354 0.31484393
0.54545455 0.30616064
0.55555556 0.29785164
0.56565657 0.28999177
0.57575758 0.28258103
0.58585859 0.27449659
0.59595960 0.26461561
0.60606061 0.25630661
0.61616162 0.24897073
0.62626263 0.24073658
0.63636364 0.23220301
0.64646465 0.22501684
0.65656566 0.21655813
0.66666667 0.20884797
0.67676768 0.20151209
0.68686869 0.19410135
0.69696970 0.18684033
0.70707071 0.17995359
0.71717172 0.17201886
0.72727273 0.16543154
0.73737374 0.15891908
0.74747475 0.15345460
0.75757576 0.14776555
0.76767677 0.14072910
0.77777778 0.13369264
0.78787879 0.12815330
0.79797980 0.12306310
0.80808081 0.11819747
0.81818182 0.11093645
0.82828283 0.10360057
0.83838384 0.09641440
0.84848485 0.09035107
0.85858586 0.08353919
0.86868687 0.07747586
0.87878788 0.07178681
0.88888889 0.06467550
0.89898990 0.05876188
0.90909091 0.05269856
0.91919192 0.04715922
0.92929293 0.03952392
0.93939394 0.03331088
0.94949495 0.02702298
0.95959596 0.02163336
0.96969697 0.01706715
0.97979798 0.01152781
0.98989899 0.00606333
1.00000000 0.00000000
