0.00000000 1.00000000
0.01010101 1.00000000
0.02020202 1.00000000
0.03030303 1.00000000
0.04040404 1.00000000
0.05050505 1.00000000
0.06060606 1.00000000
0.07070707 1.00000000
0.08080808 1.00000000
0.09090909 1.00000000
0.10101010 1.00000000
0.11111111 1.00000000
0.12121212 1.00000000
0.13131313 1.00000000
0.14141414 1.00000000
0.15151515 1.00000000
0.16161616 1.00000000
0.17171717 1.00000000
0.18181818 1.00000000
0.19191919 1.00000000
0.20202020 1.00000000
0.21212121 1.00000000
0.22222222 1.00000000
0.23232323 1.00000000
0.24242424 1.00000000
0.25252525 1.00000000
0.26262626 1.00000000
0.27272727 1.00000000
0.28282828 1.00000000
0.29292929 1.00000000
0.30303030 1.00000000
0.31313131 1.00000000
0.32323232 1.00000000
0.33333333 1.00000000
0.34343434 1.00000000
0.35353535 1.00000000
0.36363636 1.00000000
0.37373737 1.00000000
0.38383838 0.99996880
0.39393939 0.99989018
0.40404040 0.99980907
0.41414141 0.99971672
0.42424242 0.99965682
0.43434343 0.99963435
0.44444444 0.99962687
0.45454545 0.99962687
0.46464646 0.99962687
0.47474747 0.99962687
0.48484848 0.99962687
0.49494949 0.99962687
0.50505051 0.99962687
0.51515152 0.99962687
0.52525253 0.99962687
0.53535354 0.99962687
0.54545455 0.99962687
0.55555556 0.99962687
0.56565657 0.99962687
0.57575758 0.99962687
0.58585859 0.99962687
0.59595960 0.99962687
0.60606061 0.99962687
0.61616162 0.99962687
0.62626263 0.99962687
0.63636364 0.99962687
0.64646465 0.99962687
0.65656566 0.99962687
0.66666667 0.99962687
0.67676768 0.99962687
0.68686869 0.99962687
0.69696970 0.99962687
0.70707071 0.99962687
0.71717172 0.99962687
0.72727273 0.99962687
0.73737374 0.99961640
0.74747475 0.99954779
0.75757576 0.99930834
0.76767677 0.99864469
0.77777778 0.99695481
0.78787879 0.99348931
0.79797980 0.98744662
0.80808081 0.97846036
0.81818182 0.96594576
0.82828283 0.94983218
0.83838384 0.93007482
0.84848485 0.90580328
0.85858586 0.87696597
0.86868687 0.84354622
0.87878788 0.80429920
0.88888889 0.75941065
0.89898990 0.70710449
0.90909091 0.64806451
0.91919192 0.58271125
0.92929293 0.51239386
0.93939394 0.43847001
0.94949495 0.36317262
0.95959596 0.28736688
0.96969697 0.21301533
0.97979798 0.14082539
0.98989899 0.06960056
1.00000000 0.00000765
