0.00000000 1.00000000
0.01010101 1.00000000
0.02020202 1.00000000
0.03030303 1.00000000
0.04040404 1.00000000
0.05050505 1.00000000
0.06060606 0.99861496
0.07070707 0.99821923
0.08080808 0.99802137
0.09090909 0.99762564
0.10101010 0.99564701
0.11111111 0.99426197
0.12121212 0.99366838
0.13131313 0.99287693
0.14141414 0.99208548
0.15151515 0.98931539
0.16161616 0.98753463
0.17171717 0.98595172
0.18181818 0.98120301
0.19191919 0.97783934
0.20202020 0.97170558
0.21212121 0.96517610
0.22222222 0.95825089
0.23232323 0.94954491
0.24242424 0.93846458
0.25252525 0.92857143
0.26262626 0.91848041
0.27272727 0.90957657
0.28282828 0.89908983
0.29292929 0.88504155
0.30303030 0.87376336
0.31313131 0.85872576
0.32323232 0.84705184
0.33333333 0.82825485
0.34343434 0.81282153
0.35353535 0.79382667
0.36363636 0.77146814
0.37373737 0.75504551
0.38383838 0.73545706
0.39393939 0.71883657
0.40404040 0.70043530
0.41414141 0.68539770
0.42424242 0.67154729
0.43434343 0.65611397
0.44444444 0.64404432
0.45454545 0.63335972
0.46464646 0.62030075
0.47474747 0.60803324
0.48484848 0.59438069
0.49494949 0.58151959
0.50505051 0.56925208
0.51515152 0.55540166
0.52525253 0.54036407
0.53535354 0.52552434
0.54545455 0.51226751
0.55555556 0.49327266
0.56565657 0.47764147
0.57575758 0.46082311
0.58585859 0.44657697
0.59595960 0.42857143
0.60606061 0.40977444
0.61616162 0.39374753
0.62626263 0.37890780
0.63636364 0.36367234
0.64646465 0.34665611
0.65656566 0.33458647
0.66666667 0.32073605
0.67676768 0.30648991
0.68686869 0.29560744
0.69696970 0.28235061
0.70707071 0.27364464
0.71717172 0.26335576
0.72727273 0.25029679
0.73737374 0.24139296
0.74747475 0.23268698
0.75757576 0.22497032
0.76767677 0.21487930
0.77777778 0.20498615
0.78787879 0.19707163
0.79797980 0.18935497
0.80808081 0.18203403
0.81818182 0.17471310
0.82828283 0.16541353
0.83838384 0.15789474
0.84848485 0.14879304
0.85858586 0.14008706
0.86868687 0.13019391
0.87878788 0.11990503
0.88888889 0.10922042
0.89898990 0.10031658
0.90909091 0.09022556
0.91919192 0.08270677
0.92929293 0.07202216
0.93939394 0.06034824
0.94949495 0.05203799
0.95959596 0.04155125
0.96969697 0.03106450
0.97979798 0.02196280
0.98989899 0.01088247
1.00000000 0.00000000
