0.00000000 0.30783758
0.01010101 0.30783758
0.02020202 0.30783758
0.03030303 0.30783758
0.04040404 0.30783758
0.05050505 0.30783758
0.06060606 0.30783758
0.07070707 0.30783758
0.08080808 0.30783758
0.09090909 0.30783758
0.10101010 0.30783758
0.11111111 0.30783758
0.12121212 0.30783758
0.13131313 0.30783758
0.14141414 0.30783758
0.15151515 0.30783758
0.16161616 0.30783758
0.17171717 0.30783758
0.18181818 0.30783758
0.19191919 0.30783758
0.20202020 0.30783758
0.21212121 0.30783758
0.22222222 0.30783758
0.23232323 0.30783758
0.24242424 0.30783758
0.25252525 0.30783758
0.26262626 0.30736544
0.27272727 0.30689330
0.28282828 0.30689330
0.29292929 0.30642115
0.30303030 0.30642115
0.31313131 0.30642115
0.32323232 0.30642115
0.33333333 0.30642115
0.34343434 0.30642115
0.35353535 0.30642115
0.36363636 0.30594901
0.37373737 0.30547686
0.38383838 0.30547686
0.39393939 0.30500472
0.40404040 0.30453258
0.41414141 0.30453258
0.42424242 0.30453258
0.43434343 0.30453258
0.44444444 0.30406043
0.45454545 0.30406043
0.46464646 0.30406043
0.47474747 0.30358829
0.48484848 0.30311615
0.49494949 0.30311615
0.50505051 0.30169972
0.51515152 0.30122757
0.52525253 0.30122757
0.53535354 0.30122757
0.54545455 0.29933900
0.55555556 0.29603399
0.56565657 0.29508971
0.57575758 0.29272899
0.58585859 0.28942398
0.59595960 0.28753541
0.60606061 0.28517469
0.61616162 0.28234183
0.62626263 0.28139754
0.63636364 0.27903683
0.64646465 0.27714825
0.65656566 0.27289896
0.66666667 0.27101039
0.67676768 0.26912181
0.68686869 0.26534466
0.69696970 0.26109537
0.70707071 0.25779037
0.71717172 0.25354108
0.72727273 0.25023607
0.73737374 0.24457035
0.74747475 0.23984891
0.75757576 0.23465534
0.76767677 0.22851747
0.77777778 0.22474032
0.78787879 0.21671388
0.79797980 0.20727101
0.80808081 0.20160529
0.81818182 0.19499528
0.82828283 0.18508026
0.83838384 0.18035883
0.84848485 0.17186025
0.85858586 0.16572238
0.86868687 0.15816808
0.87878788 0.15250236
0.88888889 0.14305949
0.89898990 0.13220019
0.90909091 0.12181303
0.91919192 0.11095373
0.92929293 0.10198300
0.93939394 0.09301228
0.94949495 0.07743154
0.95959596 0.06232295
0.96969697 0.05193579
0.97979798 0.03824363
0.98989899 0.01794145
1.00000000 0.00000000
