0.00000000 0.88599349
0.01010101 0.88599349
0.02020202 0.88599349
0.03030303 0.88599349
0.04040404 0.88599349
0.05050505 0.88599349
0.06060606 0.88599349
0.07070707 0.88599349
0.08080808 0.88599349
0.09090909 0.88599349
0.10101010 0.88599349
0.11111111 0.88599349
0.12121212 0.88599349
0.13131313 0.88599349
0.14141414 0.88599349
0.15151515 0.88599349
0.16161616 0.88599349
0.17171717 0.88599349
0.18181818 0.88599349
0.19191919 0.88599349
0.20202020 0.88599349
0.21212121 0.88599349
0.22222222 0.88599349
0.23232323 0.88599349
0.24242424 0.88599349
0.25252525 0.88599349
0.26262626 0.88599349
0.27272727 0.88599349
0.28282828 0.88273616
0.29292929 0.88273616
0.30303030 0.87947883
0.31313131 0.87296417
0.32323232 0.87296417
0.33333333 0.86319218
0.34343434 0.85993485
0.35353535 0.85667752
0.36363636 0.85016287
0.37373737 0.84039088
0.38383838 0.83713355
0.39393939 0.83061889
0.40404040 0.81758958
0.41414141 0.81433225
0.42424242 0.81433225
0.43434343 0.80781759
0.44444444 0.80130293
0.45454545 0.79478827
0.46464646 0.79153094
0.47474747 0.77850163
0.48484848 0.76547231
0.49494949 0.75244300
0.50505051 0.74267101
0.51515152 0.72638436
0.52525253 0.71009772
0.53535354 0.70032573
0.54545455 0.68078176
0.55555556 0.66449511
0.56565657 0.65146580
0.57575758 0.64495114
0.58585859 0.63517915
0.59595960 0.61237785
0.60606061 0.58957655
0.61616162 0.57003257
0.62626263 0.55048860
0.63636364 0.52442997
0.64646465 0.51465798
0.65656566 0.49511401
0.66666667 0.47557003
0.67676768 0.45602606
0.68686869 0.44299674
0.69696970 0.43648208
0.70707071 0.42671010
0.71717172 0.42019544
0.72727273 0.39087948
0.73737374 0.38110749
0.74747475 0.36807818
0.75757576 0.35504886
0.76767677 0.33550489
0.77777778 0.31596091
0.78787879 0.30618893
0.79797980 0.29315961
0.80808081 0.28013029
0.81818182 0.26384365
0.82828283 0.24429967
0.83838384 0.22475570
0.84848485 0.21172638
0.85858586 0.20195440
0.86868687 0.18241042
0.87878788 0.16938111
0.88888889 0.15960912
0.89898990 0.14006515
0.90909091 0.13029316
0.91919192 0.10749186
0.92929293 0.09771987
0.93939394 0.08794788
0.94949495 0.06188925
0.95959596 0.05537459
0.96969697 0.04234528
0.97979798 0.02280130
0.98989899 0.01302932
1.00000000 0.00000000
